# MAPA URBANO DE PELOTAS (MOCK)
V 0.0 0.0
V 0.0 1.0
V 0.0 2.0
V 0.0 3.0
V 0.0 4.0
V 0.0 5.0
V 1.0 0.0
V 1.0 1.0
V 1.0 2.0
V 1.0 3.0
V 1.0 4.0
V 1.0 5.0
V 2.0 0.0
V 2.0 1.0
V 2.0 2.0
V 2.0 3.0
V 2.0 4.0
V 2.0 5.0
V 3.0 0.0
V 3.0 1.0
V 3.0 2.0
V 3.0 3.0
V 3.0 4.0
V 3.0 5.0
V 4.0 0.0
V 4.0 1.0
V 4.0 2.0
V 4.0 3.0
V 4.0 4.0
V 4.0 5.0
V 5.0 0.0
V 5.0 1.0
V 5.0 2.0
V 5.0 3.0
V 5.0 4.0
V 5.0 5.0
# RUAS HORIZONTAIS
A 0.0 0.0 1.0 0.0 1.0
A 1.0 0.0 2.0 0.0 1.0
A 2.0 0.0 3.0 0.0 1.0
A 3.0 0.0 4.0 0.0 1.0
A 4.0 0.0 5.0 0.0 1.0
A 0.0 1.0 1.0 1.0 1.0
A 1.0 1.0 2.0 1.0 1.0
A 2.0 1.0 3.0 1.0 1.0
A 3.0 1.0 4.0 1.0 1.0
A 4.0 1.0 5.0 1.0 1.0
A 0.0 2.0 1.0 2.0 1.0
A 1.0 2.0 2.0 2.0 1.0
A 3.0 2.0 4.0 2.0 1.0
A 4.0 2.0 5.0 2.0 1.0
A 0.0 3.0 1.0 3.0 1.0
A 1.0 3.0 2.0 3.0 1.0
A 2.0 3.0 3.0 3.0 1.0
A 3.0 3.0 4.0 3.0 1.0
A 4.0 3.0 5.0 3.0 1.0
A 0.0 4.0 1.0 4.0 1.0
A 1.0 4.0 2.0 4.0 1.0
A 2.0 4.0 3.0 4.0 1.0
A 3.0 4.0 4.0 4.0 1.0
A 4.0 4.0 5.0 4.0 1.0
A 0.0 5.0 1.0 5.0 1.0
A 1.0 5.0 2.0 5.0 1.0
A 2.0 5.0 3.0 5.0 1.0
A 3.0 5.0 4.0 5.0 1.0
A 4.0 5.0 5.0 5.0 1.0
# RUAS VERTICAIS
A 0.0 0.0 0.0 1.0 1.0
A 0.0 1.0 0.0 2.0 1.0
A 0.0 2.0 0.0 3.0 1.0
A 0.0 3.0 0.0 4.0 1.0
A 0.0 4.0 0.0 5.0 1.0
A 1.0 0.0 1.0 1.0 1.0
A 1.0 1.0 1.0 2.0 1.0
A 1.0 2.0 1.0 3.0 1.0
A 1.0 3.0 1.0 4.0 1.0
A 1.0 4.0 1.0 5.0 1.0
A 2.0 0.0 2.0 1.0 1.0
A 2.0 1.0 2.0 2.0 1.0
A 2.0 3.0 2.0 4.0 1.0
A 2.0 4.0 2.0 5.0 1.0
A 3.0 0.0 3.0 1.0 1.0
A 3.0 1.0 3.0 2.0 1.0
A 3.0 2.0 3.0 3.0 1.0
A 3.0 3.0 3.0 4.0 1.0
A 3.0 4.0 3.0 5.0 1.0
A 4.0 0.0 4.0 1.0 1.0
A 4.0 1.0 4.0 2.0 1.0
A 4.0 2.0 4.0 3.0 1.0
A 4.0 3.0 4.0 4.0 1.0
A 4.0 4.0 4.0 5.0 1.0
A 5.0 0.0 5.0 1.0 1.0
A 5.0 1.0 5.0 2.0 1.0
A 5.0 2.0 5.0 3.0 1.0
A 5.0 3.0 5.0 4.0 1.0
A 5.0 4.0 5.0 5.0 1.0
